UMI	seqname	SB_pSTR1_DNA1_S19	SB_pSTR1_DNA2_S20	SB_pSTR1_DNAL_S21	SB_pSTR1_RNA1_S16	SB_pSTR1_RNA2_S17	SB_pSTR1_RNAL_S18	ratio.1	ratio.2	ratio.L
GCTAGCATCATTTTTTTTCA	1_POMC_-22	6643	7166	7656	3683	9873	8745	0.5544181845551709	1.3777560703321239	1.1422413793103448
TTCTGAAGTATATTCGTCTA	1_POMC_-22	904	1050	1629	1125	2831	2314	1.2444690265486726	2.696190476190476	1.4205033763044812
GAAGTTATCCTTATTATCCT	1_POMC_-22	637	715	761	424	1046	844	0.6656200941915228	1.4629370629370628	1.1090670170827859
TTCGTATAAAGTGTAATAGG	1_POMC_-22	1316	1404	1386	814	2122	1767	0.6185410334346505	1.5113960113960114	1.274891774891775
GCCTCCTCTGTAACATTACA	1_POMC_-22	292	255	312	170	454	400	0.5821917808219178	1.780392156862745	1.2820512820512822
TTCATAGATGGCTTCTCCCA	1_POMC_-22	667	728	783	525	1132	1099	0.7871064467766117	1.554945054945055	1.4035759897828863
GGATTGTGATATCTCTTCCT	1_POMC_-22	17	14	17	14	24	29	0.8235294117647058	1.7142857142857142	1.7058823529411764
GGGCCTTTTCCGTTATCTAC	1_POMC_-22	17	23	44	18	50	32	1.0588235294117647	2.1739130434782608	0.7272727272727273
GGTCCTTTTCCGTTATCTAC	1_POMC_-22	2638	2785	3544	1792	5341	4490	0.6793025018953753	1.917773788150808	1.2669300225733635
GTAACATGATCAAAGCGTAA	1_POMC_-22	563	565	507	276	690	624	0.49023090586145646	1.2212389380530972	1.2307692307692308
GTATTGTGATATCTCTTCCT	1_POMC_-22	4766	5211	5588	2908	7192	5915	0.6101552664708351	1.380157359431971	1.0585182534001432
GTGTTGATTTCGTTGATAGT	1_POMC_-22	56	49	79	24	77	71	0.42857142857142855	1.5714285714285714	0.8987341772151899
GTTTTCACTTATTAAGCTTT	1_POMC_-22	797	892	1347	924	2245	1747	1.1593475533249686	2.516816143497758	1.2969561989606533
TGTTTTATGTGCTTTATGGT	1_POMC_-22	312	368	505	292	808	659	0.9358974358974359	2.1956521739130435	1.304950495049505
TGTTATTCAATCCTCATTTG	1_POMC_-22	3184	3342	3923	2367	5979	4995	0.7434045226130653	1.789048473967684	1.2732602600050982
TCGTTGTGTTGCATTGGTTT	1_POMC_-22	303	338	437	191	542	516	0.6303630363036303	1.6035502958579881	1.1807780320366132
TCTTCAGTAATGTTCTAAGT	1_POMC_-22	2583	2914	4027	974	1598	1278	0.3770809136662795	0.5483870967741935	0.3173578346163397
TGTCAAATTCCCGATGCTTG	1_POMC_-22	1715	1808	2028	363	477	361	0.21166180758017492	0.26382743362831856	0.17800788954635108
CTGTTCCTTCATATACCCGT	1_POMC_-22	2567	2707	3020	1474	4151	3571	0.5742111414102065	1.5334318433690433	1.1824503311258279
TTGTGTTGTGCACACTCATA	1_POMC_-22	2701	2764	2663	1490	3279	3147	0.5516475379489079	1.1863241678726484	1.1817499061209162
TGGACTTGAAGAGTTTATTT	1_POMC_-22	248	276	217	130	283	273	0.5241935483870968	1.0253623188405796	1.2580645161290323
CCATTATATGTCTAATTGCT	1_POMC_-22	7549	8299	9876	5366	13460	11791	0.710822625513313	1.621882154476443	1.1939044147428108
AGCTTATGGGATTGACTGTC	1_POMC_-22	116	121	123	68	196	218	0.5862068965517241	1.6198347107438016	1.7723577235772359
TTTATACGTTCTATACGTAA	1_POMC_-22	5432	6044	6863	2228	4025	2680	0.4101620029455081	0.6659497021839841	0.3904997814366895
ATGAAAGTCCTCTTCAGTAT	1_POMC_-22	2073	2151	2124	994	2699	2079	0.4794983116256633	1.2547652254765225	0.9788135593220338
AGGCCCAACAGCATATACTT	1_POMC_-22	10542	10784	9319	4959	14002	12900	0.47040409789413773	1.2984050445103859	1.3842686983581929
GTCTGCAATGTTCGTTTCTT	2_POMC_0	3020	3291	3446	2378	6427	5518	0.7874172185430464	1.9529018535399574	1.6012768427161927
CCTAGAGCTATTGGGGAGTG	2_POMC_0	2499	2664	2432	1701	4925	4340	0.680672268907563	1.8487237237237237	1.7845394736842106
CCAATTACTTTCTGTATGTT	2_POMC_0	3747	4066	4804	3485	9605	8508	0.9300773952495329	2.3622725036891294	1.7710241465445462
TTTTTCTTTTTAGTTCGGAT	2_POMC_0	13	18	79	98	251	184	7.538461538461538	13.944444444444445	2.329113924050633
GTTAATTAATTTTTTAATTA	2_POMC_0	6123	6980	9434	6572	16070	12324	1.0733300669606403	2.3022922636103154	1.3063387746449013
TTACACGTTAAAGATTTTTT	2_POMC_0	87	67	76	62	203	155	0.7126436781609196	3.029850746268657	2.039473684210526
TACTTCTGAGGTTTTGGGAT	2_POMC_0	751	856	971	764	2218	1921	1.0173102529960054	2.5911214953271027	1.9783728115345005
TAGACATAGTGTGGATTTCG	2_POMC_0	118	110	104	81	241	195	0.6864406779661016	2.190909090909091	1.875
TTAGGGTGTCTTGCATATGT	2_POMC_0	810	789	761	511	1469	1232	0.6308641975308642	1.861850443599493	1.61892247043364
TGTTTACATCTGTGCTCTTT	2_POMC_0	1392	1508	1971	612	1324	920	0.4396551724137931	0.8779840848806366	0.4667681380010147
ACTTAGGTTCGCAGCCTATT	2_POMC_0	6054	6639	6407	4315	13121	11300	0.7127518995705319	1.9763518602199126	1.7636959575464335
TCATTCCTCATTGTTGGCGC	2_POMC_0	3099	3500	3526	2334	7356	6606	0.7531461761858664	2.101714285714286	1.8735110606920022
TCCGATAACTTCAGTTTGAT	2_POMC_0	3368	3452	3380	2357	6546	6080	0.6998218527315915	1.8962920046349943	1.7988165680473374
TCGGGTAATGTTACAACAAA	2_POMC_0	10	10	9	7	21	18		2.1	
TCTAGCTTGTGAACAGCCAT	2_POMC_0	495	513	502	373	959	851	0.7535353535353535	1.8693957115009747	1.6952191235059761
AATTTTGTTGAACACATTTT	2_POMC_0	574	617	855	776	1964	1466	1.3519163763066202	3.1831442463533226	1.7146198830409356
AATACTTGCTAGTTAGCTCT	2_POMC_0	3668	3970	3709	3152	8234	8000	0.8593238822246456	2.0740554156171283	2.1569156106767324
TATTGGTTAATCTCATTATA	2_POMC_0	1897	2078	2291	2041	5372	4284	1.0759093305218765	2.5851780558229067	1.8699257965953733
GGTCTAGTTTGTTTATATTC	2_POMC_0	636	778	992	709	2026	1807	1.1147798742138364	2.6041131105398456	1.8215725806451613
AAGCATCCTTTAAGGGTTAC	2_POMC_0	18892	20409	20543	18579	56585	48221	0.983432140588609	2.772551325395659	2.347320255074721
TTCCAAGACCTTGTCTTACC	2_POMC_0	2799	3016	3795	3883	11239	9019	1.3872811718470883	3.7264588859416445	2.376548089591568
TTTACTTGGTTGTAAGCTAA	2_POMC_0	2148	2340	2852	2449	6948	5851	1.1401303538175047	2.9692307692307693	2.0515427769985974
GGCTGCAATGTTCGTTTCTT	2_POMC_0	18	20	17	14	23	27	0.7777777777777778	1.15	1.588235294117647
CTATGGTATTAAGACCATTC	2_POMC_0	412	448	425	370	932	799	0.8980582524271845	2.080357142857143	1.88
GCTTTTCTACAAGAATTGCT	2_POMC_0	5021	5390	8591	6327	16675	15225	1.260107548297152	3.093692022263451	1.7722034687463624
GAACACGGATATTTGAATTT	2_POMC_0	1611	1733	1632	1023	3346	3072	0.6350093109869647	1.9307559145989612	1.8823529411764706
ATTATACGTTTATAGTCTGG	2_POMC_0	623	690	675	551	1448	1073	0.884430176565008	2.0985507246376813	1.5896296296296297
GCTGTTATCAGGTACTCAAA	2_POMC_0	366	433	388	275	757	716	0.7513661202185792	1.748267898383372	1.8453608247422681
TTCCCTCGTATTGCATCTTG	2_POMC_0	269	320	431	321	918	754	1.1933085501858736	2.86875	1.7494199535962878
GCTCTTTATGGCTTCGTATT	2_POMC_0	866	971	1908	947	3028	2339	1.0935334872979214	3.118434603501545	1.2258909853249476
CAACTATGCCGGCTTTATAC	2_POMC_0	160	167	141	13	49	17	0.08125	0.2934131736526946	0.12056737588652482
GCACAGGGTTACCCATTTAT	2_POMC_0	7317	7409	6836	4793	14174	12657	0.6550498838321717	1.9130786880820623	1.851521357519017
CCGATTTGTAGGTCTTTGCT	3_POMC_9	4014	4234	4148	3207	8594	7627	0.7989536621823617	2.0297590930562115	1.8387174541947926
TCTACCCCCTGGCTCACCCT	3_POMC_9	421	390	347	276	911	840	0.6555819477434679	2.335897435897436	2.4207492795389047
TGAAAACAAAGCCGATTTGG	3_POMC_9	3101	3162	2762	1938	5456	5003	0.6249596904224444	1.7254901960784315	1.8113685734974656
TTTTAAAGTATTCCCTTACG	3_POMC_9	2151	2424	3920	4481	11215	8239	2.083217108321711	4.6266501650165015	2.101785714285714
TTGTTTGTTCACATATCTGC	3_POMC_9	596	670	806	674	2010	1643	1.1308724832214765	3.0	2.0384615384615383
GCTAAGTTAATTGACCATAG	3_POMC_9	7159	7544	7112	4834	12601	11228	0.6752339712250315	1.6703340402969247	1.578740157480315
TTGATGGGTACGTTCTTGTA	3_POMC_9	10	11	12	11	33	40	1.1	3.0	3.3333333333333335
TGGTAGCCCAGGTATCTTCA	3_POMC_9	4393	4398	3661	2261	7021	6265	0.5146824493512406	1.5964074579354253	1.7112810707456978
GCTATTCATATATACTTTCG	3_POMC_9	1167	1353	1550	1002	2448	1926	0.8586118251928021	1.8093126385809313	1.2425806451612904
TTTGTCTCTTGTTAAGTTTT	3_POMC_9	1966	2203	2714	2257	6092	4943	1.1480162767039674	2.7653200181570585	1.8212969786293294
TTTCACCCTGCATAATGAGT	3_POMC_9	1192	1271	1305	237	213	140	0.1988255033557047	0.16758457907159716	0.10727969348659004
CAACGACATTTGTAGGCAAT	3_POMC_9	1595	1656	1501	1007	2871	2650	0.6313479623824452	1.733695652173913	1.765489673550966
CAGGGCGAACTCAATTGACT	3_POMC_9	312	294	191	139	430	329	0.44551282051282054	1.4625850340136055	1.7225130890052356
TTTGTCAGGATCCTTTCGTA	4_POMC_20	90	86	94	95	276	196	1.0555555555555556	3.2093023255813953	2.0851063829787235
TTACCCGGACTTAGTCCACA	4_POMC_20	4838	5266	4641	1020	1817	1391	0.21083092186854072	0.34504367641473604	0.29971988795518206
GTGCGATATTCGTGCGTGTT	4_POMC_20	693	707	595	336	1033	1063	0.48484848484848486	1.461103253182461	1.7865546218487396
TGATCCTATAGTTATTTCTG	4_POMC_20	3679	4054	4182	3393	10106	8791	0.9222614840989399	2.4928465712876173	2.102104256336681
ATCAATCTACTAAGTCTACC	4_POMC_20	7329	7674	7544	1316	1655	1183	0.17956064947468958	0.21566327860307533	0.15681336161187698
AGCAAGTGACTTTGAGACGG	4_POMC_20	761	775	728	520	1292	1317	0.683311432325887	1.6670967741935483	1.809065934065934
GCAATACGCACTTCATTTAG	4_POMC_20	37598	37771	30204	5946	10476	6916	0.15814670993137933	0.2773556432183421	0.22897629453052576
GCAGTTTTTTTTTCTGAATC	4_POMC_20	73	78	162	98	278	224	1.3424657534246576	3.5641025641025643	1.382716049382716
GCCCAACGCTGGTGAGCACT	4_POMC_20	1448	1372	1276	779	2552	2228	0.5379834254143646	1.8600583090379008	1.7460815047021943
GTACCTAACATTATTCTAGT	4_POMC_20	78	72	73	58	180	157	0.7435897435897436	2.5	2.1506849315068495
GCGCTACAATTCCATCTTCA	4_POMC_20	1618	1756	2487	1559	4375	3635	0.9635352286773795	2.4914578587699316	1.461600321672698
TAACCCAGTTGGTACTGCTT	4_POMC_20	1255	1392	1252	1047	3080	2759	0.8342629482071713	2.2126436781609193	2.2036741214057507
TAATATGGTATGTGCCTCTC	4_POMC_20	6478	6737	6439	1590	2275	1478	0.24544612534732943	0.3376873979516105	0.2295387482528343
TGAGAACCGCCGAGTCACAG	4_POMC_20	3454	3481	2691	1933	5286	4630	0.5596409959467284	1.5185291582878484	1.7205499814195466
GTGCTTTACAGAACTTATTG	4_POMC_20	295	340	328	57	121	96	0.19322033898305085	0.3558823529411765	0.2926829268292683
TTTAGGTAGGTTTGGCTTAT	5_POMC_29	180	160	150	118	243	204	0.6555555555555556	1.51875	1.36
AGACTTTGTGGTCCAAGGTG	5_POMC_29	142	138	166	115	363	284	0.8098591549295775	2.630434782608696	1.7108433734939759
ACTTATGCTCACCTACCTGT	5_POMC_29	3332	3471	3189	1461	4591	3872	0.4384753901560624	1.3226735811005474	1.2141737221699593
ACGTCCCAAGTCGGTAATGT	5_POMC_29	1049	1117	1142	645	1958	1751	0.6148713060057197	1.7529095792300806	1.5332749562171628
ATCCACCCTTTTTTTGCCTA	5_POMC_29	2780	3029	3607	2392	8573	7388	0.860431654676259	2.83030703202377	2.04823953423898
TTCGTTCTTCTGGATCAATG	5_POMC_29	1834	2116	2484	1745	4974	4398	0.9514721919302072	2.350661625708885	1.7705314009661837
CCGTTTTTTCATTTGCGTAT	5_POMC_29	111	141	222	102	218	167	0.918918918918919	1.5460992907801419	0.7522522522522522
CGCTTCCCGTATCAATGCGC	5_POMC_29	206	221	249	145	378	376	0.7038834951456311	1.7104072398190044	1.5100401606425702
CTTATATTTAGCGCCCGATT	5_POMC_29	1639	1795	1985	1556	4643	4112	0.949359365466748	2.5866295264623957	2.071536523929471
TGCAAAATCCTTGTATGCTT	5_POMC_29	722	790	793	588	1488	1328	0.814404432132964	1.8835443037974684	1.6746532156368221
TTCCATTGTTTATGGCTTCT	5_POMC_29	214	248	494	368	1032	1004	1.719626168224299	4.161290322580645	2.032388663967611
TAGGATACTTGTTCCGCACA	5_POMC_29	1277	1393	1170	882	2528	2165	0.6906812842599843	1.8147882268485283	1.8504273504273505
TCACATACAAACGTGGCATT	5_POMC_29	2299	2324	2058	1535	4611	3686	0.6676816006959547	1.98407917383821	1.7910592808551993
CACCCTAGTTGGTTTTCATT	5_POMC_29	449	506	597	75	82	62	0.16703786191536749	0.16205533596837945	0.10385259631490787
TTTTTTTCCATTGCTCTAGA	5_POMC_29	312	353	1000	714	1876	1438	2.2884615384615383	5.314447592067989	1.438
